264314638
207402419
228326846
212427432
271280900
251257612
261106896
299878260
210695304
204264483
221811733
253779679
237659654
281476877
227731624
254822377
219416576
281767997
255356825
255142489
289254218
233917881
255179378
233893901
237907733
265358810
233973695
267799482
236870619
234950126
294148420
271543074
269116208
262008089
220009417
251391012
226570029
289497940
273905317
264801995
276829322
293092134
228129386
292891547
200070354
229875865
211268946
225333764
289364706
286265888
220428522
212940596
278285534
287681770
259196220
231983848
240674882
273398342
261900774
265215260
259548953
206102527
246684803
235542521
216711628
224371226
271127226
261938348
234844408
212446782
253290300
220689803
259781848
287326567
229803368
281674711
237067464
222167153
290339353
203297669
267957314
205594765
203890614
247683721
226889260
269068678
222362971
264900366
241239155
265995914
291803587
275240119
293901535
246263042
292344089
297858966
254033665
296697564
289920869
213689086
261043417
291248729
209304382
295851387
206131092
251020570
255895989
273797003
213607366
282389252
283730167
256623580
214509781
291557957
260109369
235846370
202888953
269993472
223098922
253293429
294365709
297510254
288117027
278546160
225603542
231856142
270435529
221848740
289148353
204394152
244434893
290784722
204536254
200176259
279470154
289796280
279086339
221139617
287571412
241317148
204852418
239917690
266776536
224208071
229745578
254872951
203667341
260276268
269816925
284120572
